96 96 25 30
0 1 2 3 4 5 78 78 78 78 78 78 78 78 78 78 78 78 78 78 78 78 78 78 78 78 78 78 78 78 
30 11 12 13 14 15 78 78 78 78 78 78 78 78 78 78 78 78 78 78 78 78 78 78 78 78 78 78 78 78 
20 21 22 23 24 25 78 78 78 78 78 78 78 78 78 78 78 78 78 78 78 78 78 78 78 78 78 78 78 78 
30 31 72 70 34 35 78 78 78 78 78 78 78 78 78 78 78 78 78 78 78 78 78 78 78 78 78 78 78 78 
40 53 21 24 50 45 78 78 10 1 4 1 3 4 1 2 1 3 35 78 78 78 78 78 78 78 78 78 78 78 
78 20 21 24 25 78 78 78 0 11 12 13 61 13 12 61 13 14 5 78 78 78 78 78 78 78 78 78 78 78 
78 30 21 22 2 3 2 2 3 21 71 71 71 73 72 71 73 24 35 78 78 78 78 78 78 78 78 78 78 78 
78 20 21 72 61 61 61 61 61 71 71 71 23 71 73 71 72 24 5 78 78 78 78 78 78 78 78 78 78 78 
78 30 21 24 50 51 52 51 53 21 72 73 23 71 71 22 70 24 35 78 78 78 78 78 78 78 78 78 78 78 
78 20 21 24 25 78 78 78 20 21 72 70 22 22 22 71 70 24 25 78 78 78 78 78 78 78 78 78 78 78 
78 30 21 24 15 78 78 78 30 21 73 71 22 71 72 73 22 24 35 78 78 78 78 78 78 78 78 78 78 78 
78 20 21 24 25 78 78 78 20 21 73 72 22 22 22 23 22 24 25 78 78 78 78 78 78 78 78 78 78 78 
78 78 78 78 78 78 78 78 30 21 71 71 22 71 71 23 22 24 35 78 78 78 78 78 78 78 78 78 78 78 
78 78 78 78 78 78 78 78 20 21 22 22 22 71 71 71 71 24 25 78 78 78 78 78 78 78 78 78 78 78 
78 78 78 78 78 78 78 78 30 21 23 22 22 22 22 71 71 24 35 78 78 78 78 78 78 78 78 78 78 78 
78 78 78 78 78 78 78 78 20 21 23 22 71 22 22 70 22 24 25 78 78 78 78 78 78 78 78 78 78 78 
78 78 78 78 78 78 78 78 30 31 33 32 33 32 32 33 33 34 35 78 78 78 78 78 78 78 78 78 78 78 
78 78 78 78 78 78 78 78 40 41 42 41 42 41 42 41 42 41 45 78 78 78 78 78 78 78 78 78 78 78 
78 78 78 78 78 78 78 78 78 78 78 78 78 78 78 78 78 78 78 78 78 78 78 78 78 78 78 78 78 78 
78 78 78 78 78 78 78 78 78 78 78 78 78 78 78 78 78 78 78 78 78 78 78 78 78 78 78 78 78 78 
78 78 78 78 78 78 78 78 78 78 78 78 78 78 78 78 78 78 78 78 78 78 78 78 78 78 78 78 78 78 
78 78 78 78 78 78 78 78 78 78 78 78 78 78 78 78 78 78 78 78 78 78 78 78 78 78 78 78 78 78 
78 78 78 78 78 78 78 78 78 78 78 78 78 78 78 78 78 78 78 78 78 78 78 78 78 78 78 78 78 78 
78 78 78 78 78 78 78 78 78 78 78 78 78 78 78 78 78 78 78 78 78 78 78 78 78 78 78 78 78 78 
78 78 78 78 78 78 78 78 78 78 78 78 78 78 78 78 78 78 78 78 78 78 78 78 78 78 78 78 78 78 
