32 32 25 30 300 14
0 1 2 3 4 5 78 78 78 78 10 1 2 1 3 2 4 1 4 3 3 1 1 3 1 1 3 4 15 78 
30 11 13 13 14 15 78 78 78 78 20 11 12 13 12 13 62 12 62 12 12 12 12 12 12 12 12 14 5 78 
20 21 22 22 24 25 78 78 78 78 30 31 22 72 22 33 33 32 33 32 33 33 33 33 33 22 71 24 35 78 
30 31 72 70 34 35 78 78 78 78 40 53 21 72 24 50 41 42 41 42 41 42 41 43 53 21 22 24 5 78 
40 53 21 24 50 45 78 78 10 1 4 1 21 22 24 2 1 3 35 78 78 78 78 78 30 21 22 24 35 78 
78 20 21 24 25 78 78 78 0 11 12 13 71 23 72 13 13 14 25 78 78 77 78 78 20 21 22 24 5 78 
78 30 21 24 2 3 2 2 3 21 22 22 71 73 72 71 73 24 35 78 78 82 78 78 30 21 71 24 35 78 
78 20 21 72 61 61 61 26 13 71 22 22 72 22 23 72 73 24 25 78 78 78 78 78 20 21 71 24 5 78 
78 30 21 24 50 51 52 51 53 21 72 72 22 71 71 22 70 24 1 3 1 2 25 78 30 21 22 24 35 78 
78 20 21 24 25 78 78 78 20 21 22 70 22 22 22 71 72 22 12 12 12 14 35 78 20 21 22 24 5 78 
78 30 21 24 15 78 78 78 30 21 73 71 22 71 72 23 71 73 32 32 22 24 25 78 30 21 71 24 35 78 
78 20 21 24 25 78 78 78 20 21 73 72 23 22 71 23 72 24 54 55 21 24 15 78 20 21 71 24 5 78 
78 10 21 24 15 78 78 78 30 21 71 71 22 71 71 72 71 24 35 20 21 24 25 78 30 21 22 24 35 78 
78 20 21 24 1 2 1 1 3 21 22 22 71 23 71 23 71 24 25 30 21 24 15 78 20 21 22 24 5 78 
78 10 31 22 12 12 12 12 12 22 23 22 22 23 23 23 71 24 35 20 21 24 25 78 30 21 22 24 35 78 
78 40 53 21 70 72 24 50 55 21 23 22 71 22 22 23 23 24 25 30 21 24 15 78 20 21 22 24 5 78 
78 78 10 21 70 72 24 25 30 31 33 32 22 22 22 22 22 22 35 20 21 24 25 78 30 21 73 24 35 78 
78 78 20 21 22 72 24 35 40 41 42 53 21 22 22 22 22 22 3 1 21 24 35 78 20 21 73 24 5 78 
78 78 10 21 70 22 24 25 78 78 78 20 31 32 33 33 32 33 32 33 33 34 25 78 30 21 22 24 35 78 
78 78 20 21 70 22 24 35 78 78 78 40 41 42 41 43 41 42 41 42 44 43 45 78 20 21 73 24 5 78 
78 78 10 21 22 22 24 25 78 78 78 78 78 78 78 78 78 78 78 78 78 78 78 78 30 21 73 24 35 78 
78 78 20 21 70 70 24 3 2 1 1 3 2 1 3 2 2 1 1 1 2 2 1 3 1 21 23 24 5 78 
78 78 10 31 33 33 33 33 33 33 33 33 33 32 32 32 32 32 32 32 32 32 32 32 32 32 32 34 35 78 
78 78 40 41 43 41 43 41 43 41 43 41 43 41 43 41 43 41 43 41 43 41 43 41 43 41 43 41 45 78 
78 78 78 78 78 78 78 78 78 78 78 78 78 78 78 78 78 78 78 78 78 78 78 78 78 78 78 78 78 78 
-1 -1 74 74 -1 -1 -1 -1 -1 -1 -1 -1 90 -1 -1 74 -1 -1 -1 74 -1 -1 -1 74 -1 -1 90 -1 -1 -1 
-1 98 -1 -1 68 -1 78 -1 -1 -1 -1 -1 -1 -1 -1 -1 -1 -1 -1 -1 -1 -1 -1 -1 -1 -1 -1 59 -1 -1 
-1 -1 -1 -1 -1 -1 -1 -1 -1 -1 -1 -1 -1 88 -1 -1 -1 -1 -1 -1 -1 -1 -1 -1 -1 -1 84 -1 -1 -1 
-1 64 -1 -1 -1 -1 -1 -1 -1 -1 -1 -1 -1 -1 -1 -1 -1 -1 -1 -1 -1 -1 -1 -1 -1 -1 -1 -1 -1 -1 
-1 -1 -1 -1 -1 -1 -1 -1 -1 -1 -1 -1 36 36 36 -1 -1 -1 -1 -1 -1 -1 -1 -1 -1 -1 -1 65 -1 -1 
-1 -1 -1 -1 -1 -1 -1 -1 -1 95 -1 -1 -1 -1 -1 -1 -1 49 -1 -1 -1 78 -1 -1 -1 -1 -1 -1 -1 -1 
-1 -1 -1 -1 -1 90 74 90 -1 -1 -1 -1 -1 -1 -1 -1 -1 -1 -1 -1 -1 78 -1 -1 -1 -1 -1 -1 -1 -1 
-1 -1 -1 -1 -1 -1 -1 12 48 -1 -1 -1 -1 -1 -1 -1 -1 -1 -1 -1 -1 -1 -1 -1 -1 -1 -1 -1 -1 -1 
-1 -1 -1 -1 -1 -1 -1 -1 -1 -1 -1 80 -1 -1 -1 80 -1 -1 -1 74 74 -1 -1 -1 -1 -1 97 -1 -1 -1 
-1 -1 -1 -1 -1 -1 -1 -1 -1 -1 -1 -1 -1 86 -1 -1 -1 -1 -1 -1 -1 -1 -1 -1 -1 -1 -1 -1 -1 -1 
-1 -1 -1 65 -1 -1 -1 -1 -1 91 -1 -1 86 -1 86 -1 -1 -1 -1 -1 -1 -1 -1 -1 -1 -1 -1 -1 -1 -1 
-1 -1 -1 -1 -1 -1 -1 -1 -1 -1 -1 -1 -1 86 -1 -1 -1 -1 -1 -1 -1 65 -1 -1 -1 -1 -1 -1 -1 -1 
-1 -1 -1 -1 -1 -1 -1 -1 -1 -1 -1 80 -1 -1 -1 80 -1 -1 -1 -1 -1 -1 -1 -1 -1 -1 -1 -1 -1 -1 
-1 -1 -1 -1 -1 90 74 90 -1 -1 -1 -1 -1 -1 -1 -1 -1 -1 -1 -1 -1 -1 -1 -1 -1 -1 -1 -1 -1 -1 
-1 -1 64 -1 -1 -1 -1 -1 48 -1 -1 -1 -1 -1 -1 -1 -1 -1 -1 -1 -1 -1 -1 -1 -1 -1 -1 -1 -1 -1 
-1 -1 -1 -1 -1 -1 -1 -1 -1 -1 -1 -1 -1 -1 -1 -1 -1 -1 -1 -1 -1 -1 -1 -1 -1 -1 -1 -1 -1 -1 
-1 -1 -1 -1 -1 -1 -1 -1 -1 -1 -1 -1 -1 -1 -1 -1 -1 -1 -1 -1 -1 -1 -1 -1 -1 -1 89 -1 -1 -1 
-1 -1 -1 -1 -1 -1 -1 -1 -1 -1 -1 -1 -1 -1 -1 -1 -1 -1 -1 -1 -1 -1 -1 -1 -1 -1 -1 -1 -1 -1 
-1 -1 -1 -1 82 82 -1 -1 -1 -1 -1 -1 64 -1 -1 -1 -1 -1 -1 -1 -1 77 -1 -1 -1 -1 -1 -1 -1 -1 
-1 -1 -1 -1 -1 -1 65 -1 -1 -1 -1 -1 -1 -1 -1 -1 -1 -1 -1 -1 -1 -1 -1 -1 -1 -1 -1 65 -1 -1 
-1 -1 -1 -1 -1 -1 -1 -1 -1 -1 -1 -1 -1 -1 -1 -1 -1 -1 -1 -1 -1 -1 -1 -1 -1 -1 -1 -1 -1 -1 
-1 -1 -1 -1 -1 -1 -1 -1 -1 -1 74 -1 -1 -1 -1 75 -1 -1 -1 -1 -1 74 -1 -1 -1 -1 39 -1 -1 -1 
-1 -1 -1 64 -1 -1 -1 -1 -1 -1 -1 -1 -1 -1 -1 -1 99 -1 -1 -1 -1 -1 -1 -1 -1 -1 -1 77 -1 -1 
-1 -1 -1 -1 -1 -1 -1 -1 -1 -1 -1 -1 -1 -1 -1 -1 -1 -1 -1 -1 -1 -1 -1 -1 -1 -1 -1 -1 -1 -1 
-1 -1 -1 -1 -1 -1 -1 -1 -1 -1 -1 -1 -1 -1 -1 -1 -1 -1 -1 -1 -1 -1 -1 -1 -1 -1 -1 -1 -1 -1 
